4586	13813
1340	10087
2161	7027
3791	20938
5079	18793
140	23375
3831	23938
2139	22541
1944	17432
5	9203
3093	24145
967	19585
2329	14508
112	12398
3421	11996
460	14823
2153	12259
2550	7531
1340	21674
1299	16367
2550	23559
5150	5681
3958	23027
625	13134
1987	9940
3085	10384
3106	20100
4495	17973
1603	6743
4321	6202
4691	7995
5258	17355
2081	8113
3508	22751
4568	14602
3594	15050
4361	23190
530	23746
97	13513
1954	17499
1496	23549
463	17039
5090	21077
4949	18511
1903	15610
5475	24232
1340	15870
4587	23727
1926	6272
2081	22631
2789	13563
3391	12409
1923	9671
302	21799
4010	8044
5313	6284
5309	10409
2184	8493
1648	17541
3416	12543
5090	25208
1165	16075
651	6011
2500	19538
2356	24957
3320	11797
3395	5754
2286	19280
2807	21124
5370	17771
3714	15750
5149	14325
795	12245
2632	18194
3663	20845
5005	20394
3577	12311
1208	18955
4010	20664
4980	18587
5113	9780
2275	20820
4010	14328
3211	21501
4215	21551
5542	14260
3754	15248
1454	22286
4010	24684
3019	9470
113	10552
3236	8211
1333	21109
3955	8401
4068	21129
4058	24572
787	21055
435	22043
478	13497
223	6916
113	19351
5431	12762
310	18432
5336	16766
5348	18788
2889	12384
5309	6776
1761	15380
3521	16847
1403	18001
3550	11348
5090	20540
2144	17803
3440	8482
3637	16789
4562	17562
167	20074
1954	8548
4483	9231
3748	11603
833	13519
3521	14553
2840	11886
3980	22013
1009	24427
1759	13300
76	10273
4326	17077
3527	19018
3595	20689
2016	15958
2081	17370
3162	8529
3806	15692
3416	18754
3217	19844
4174	10782
108	5800
1872	23239
1954	22706
2550	20106
5432	18339
2199	5842
5043	8486
539	18559
3521	23130
4465	22851
3961	8145
4010	13444
85	19320
534	12941
1761	10000
3499	6943
844	13484
1954	15882
4020	21160
5489	20739
4765	19288
889	16907
1865	15531
2081	6043
4197	14557
2096	6929
2111	19784
1105	17754
1166	12637
4770	8221
2081	17923
292	6189
1340	20448
2037	17034
2081	15137
1263	10760
113	12884
1394	19802
2137	18573
792	8083
4010	19753
2188	17723
181	10590
4316	10874
1169	23689
3253	20919
529	18507
2868	23790
709	7713
1493	6609
1954	9556
5269	25273
2478	10944
3719	18378
4063	8307
960	18045
4321	14835
2081	12396
5090	7268
3494	7761
4672	11642
2392	25170
5474	8738
1954	7440
2826	11781
2732	10934
3749	18613
5338	8261
2550	14305
2833	7825
3521	20645
4947	10012
3771	16153
2081	16701
4008	12580
5523	13293
113	11511
40	17183
5212	7552
2389	22553
3416	5991
1990	16021
1726	16037
3759	24735
2117	19177
1608	11160
1455	6697
2650	20081
759	11055
1024	22065
959	24450
4321	9761
699	15595
3138	16795
485	12019
3521	7873
1416	11062
5077	7845
4321	7218
4010	23503
113	14029
953	16225
1573	16416
4010	17058
717	19078
1583	5807
679	16589
2550	24236
2330	14618
5411	7467
2325	10891
185	22990
538	9205
2520	14310
4566	16698
1172	17579
4733	20844
3587	5861
3521	18404
1189	7034
597	16305
2823	7512
5110	12233
4010	10745
1595	15155
497	21590
1593	13313
4010	17792
4759	15298
3185	20189
2251	15774
1538	25025
4010	18804
781	15121
5463	25128
4321	23483
1045	6947
1954	24844
3416	21667
4796	21119
4702	15278
3310	16543
143	7338
5085	15626
2526	11298
1867	8684
785	15834
3416	6558
4299	7431
1729	22150
3729	17639
4417	8546
70	16973
3412	22256
3017	12855
3564	9873
3347	17565
1383	23682
4361	11444
3225	11193
3632	13880
4628	18588
82	17258
1162	25108
1259	8063
821	13096
4541	7436
1855	12869
113	25394
2600	23881
2373	7295
3469	18495
3521	13138
2700	13281
2002	15540
4292	18811
4141	18553
5440	8526
5379	14332
3054	8212
4122	13653
1539	11145
1340	22451
3425	15635
4010	23200
3243	20318
1873	7614
2148	21189
964	23717
3350	12482
4578	10582
334	8123
1977	19273
568	9623
2608	9814
3344	19152
3070	13220
113	5712
2204	18210
4568	9159
4687	11447
4568	18027
3794	18543
676	18429
4206	22657
3521	17646
1340	21553
3607	20766
4010	19544
3416	23208
4010	23476
3521	15636
928	12403
4931	13842
4303	17378
4659	9227
3742	22737
3416	14780
3521	15846
4568	18912
2550	18369
2620	18951
2300	14214
3569	13055
4500	14206
5090	10429
1761	8728
782	11110
2371	24392
3871	11602
1235	7697
4841	21019
2528	9834
5453	24454
5417	25123
4397	18546
549	11044
1340	11096
211	11326
1308	6001
4910	15605
2550	10265
610	15745
4010	19870
704	14677
2831	22316
2134	5915
4832	16377
1361	9662
2476	25309
1761	17279
340	24440
5173	9654
1954	13987
4380	12703
2527	8350
3521	21178
760	5629
5568	12670
3521	8243
4497	22772
3952	17049
4285	7472
1954	6277
1585	20295
4653	9508
3416	23137
3536	8418
5247	23444
2081	15213
5468	20070
4938	18137
2517	10622
3416	8659
1761	22599
1713	14893
4568	19428
4849	12767
4905	14832
3343	14056
113	6576
4509	16151
3033	8776
1187	23722
4295	6390
4558	19860
3090	21859
1896	19937
1204	12636
288	6855
4132	22577
3416	15458
1701	10672
1458	12897
2716	20045
1202	14933
4368	17114
5381	16401
4828	17145
3218	23793
2268	24780
1762	17528
3920	23455
818	10795
649	14794
1637	15875
4957	17605
786	17204
4410	14257
4583	15898
3521	11576
5366	14672
4530	13725
423	9075
5533	7231
3367	16688
1764	13507
4231	12288
3034	13954
4934	16326
4866	23618
4425	19035
3275	15501
2040	15775
650	23044
4010	19841
5494	5770
2667	10089
566	8115
4793	13326
780	23866
2550	16632
188	21735
3215	6090
1618	9027
1954	22901
4187	10046
1794	16257
503	16821
1942	25288
3157	6281
2412	20470
1292	14704
4361	15948
113	20428
1340	14711
1954	12917
559	22747
1761	5711
3563	9626
4438	9349
1812	22328
217	23091
5548	23029
3397	13426
1772	23811
4120	15379
1742	21566
2084	14591
1223	8562
343	8457
4321	7498
2930	8004
3214	10603
1954	21819
5123	15850
554	10051
1340	24107
4578	13034
1331	14454
2535	22289
4010	21897
1871	12935
2132	13699
3515	9417
2628	6419
1954	19958
1761	18803
2253	18612
2986	18859
453	7317
1862	9678
208	17260
902	11230
3521	7051
5153	20897
4637	6471
4251	17185
1954	13771
4112	9476
2311	22660
113	19717
5349	12086
5325	24389
4010	22975
300	5784
1174	9182
5262	8637
2880	25090
1870	10025
1340	24326
3477	6635
5387	15450
1697	13875
4362	9902
2469	6952
5090	12173
536	7578
2142	13159
5134	13261
4010	13584
2243	10805
4348	8159
1954	22248
3903	8959
2805	23240
2927	15840
3223	15562
1147	10688
4154	12851
5236	7017
5374	7023
5175	13207
913	8219
522	17728
4496	8819
5237	17321
2555	23183
4445	12945
1961	10974
4771	25402
4052	23666
954	12434
1099	8893
4010	5955
3302	8655
3670	25005
2151	7455
2828	18143
1609	11466
1954	9404
3693	7978
3268	10283
175	8566
4568	19129
741	20193
5297	22195
1954	13846
728	15402
2714	15949
1694	10139
407	24643
4581	7480
4840	9586
714	23957
3249	22077
3416	11317
2892	16624
2333	9316
3416	18520
113	23330
4372	13473
2550	10824
4518	15623
1954	22104
2994	7690
5178	15224
5141	19927
1707	12328
555	11660
3168	15084
1761	25422
623	11956
4321	18448
1658	10173
2550	13081
1898	22142
758	19182
5272	20891
3416	17561
3899	9686
4308	9576
2854	6472
2782	24726
2924	14322
2774	8121
3686	10556
2615	16235
1411	9179
4010	25088
1733	10378
4568	20875
5240	23078
2367	17877
1590	20619
1920	5624
4746	18922
3999	19952
4321	24622
2662	14239
1947	16619
5090	9936
4720	5703
1954	24889
1640	22084
4835	21586
4705	7393
4321	19314
1151	14199
2001	18949
2420	19313
4777	17401
3067	10715
3565	13679
799	24882
113	8535
2048	14387
2815	7162
1340	16808
3843	16227
1340	10724
172	23934
1827	20842
402	7542
121	22151
1231	7475
1355	20548
2750	15930
3416	14372
3360	12184
296	19237
643	9523
1836	14052
2639	20997
4321	22972
2911	22469
95	7664
2561	23970
4763	12713
3521	23648
4321	6458
1282	24197
4969	11882
3416	18639
427	24375
1115	18600
2297	20817
5090	18993
3956	6405
696	18343
698	12551
905	10084
4361	7072
2005	11391
5317	7525
4856	13171
3219	9435
3417	20381
5485	22453
2550	22175
4333	20396
4907	22112
147	22187
453	11821
1860	22009
2550	17067
3416	12410
608	14990
1213	19041
690	6148
2550	10730
4461	12628
4596	8851
2916	19895
4321	10619
4568	9562
4605	9574
3528	6876
113	9107
3720	24066
3433	7367
4010	23354
3416	21488
1954	23562
3042	21778
3546	11858
1943	11212
5484	13701
41	7770
5177	6912
448	18442
4010	23799
2404	17147
1283	23465
4888	7401
2177	9752
3471	11214
1574	9454
3732	24911
3416	9877
1340	21229
1703	10026
3826	23042
4855	16370
4010	12437
5310	11579
1808	12187
1340	8503
3579	11289
3475	6600
1135	21569
1761	16591
44	17732
938	12073
3873	12317
4321	11828
1535	24339
113	9100
2334	19123
4671	12567
4088	6771
2694	7053
1087	21363
3416	6064
150	16422
3680	9059
1168	13133
1652	8250
2550	21924
5098	13247
5286	11991
3521	16332
2206	10085
3521	22550
3521	8094
2081	8955
3075	10857
133	7101
3767	23630
1954	10214
2278	6511
3521	17568
2081	16656
122	13164
2982	17676
5327	14411
3315	20939
1344	21134
1324	7846
60	9104
2054	8345
2391	9640
2183	16633
5296	20943
430	22057
2605	7612
1020	9830
3174	16764
2081	14065
2081	18698
4568	25381
6	21204
1717	15776
3479	5802
2550	14335
4305	10539
116	21361
4891	10617
4018	7859
1675	8906
4568	13453
1761	10738
4568	7244
183	12753
2192	18707
5556	8739
1786	12720
2163	25290
4010	6676
3715	8118
4692	19935
1340	13866
2452	18821
4546	19665
4080	17292
3927	11316
1809	21012
705	14467
2893	11127
4040	23817
1195	19716
3373	9682
80	14874
4363	18397
827	22588
2430	7861
397	17466
1008	24588
5090	19475
3521	23083
5010	11613
3856	5843
2156	17868
5090	13726
1067	10216
4810	15139
1026	22157
3416	16061
1892	17383
4998	23952
4568	22348
3383	10069
1415	15844
2550	24043
587	12339
5383	6322
2284	18216
1706	20429
1551	18124
1340	10636
2563	23263
4192	23245
2230	16613
1849	19269
3521	7050
3335	21181
3116	16398
5022	21133
874	7366
1416	15067
3986	15218
2948	13169
3683	9785
4367	16053
2587	16042
2999	14814
3150	15235
1182	12972
3782	6524
403	17405
3801	15283
3338	5634
341	17125
961	21211
2399	17208
571	11284
3207	8866
3498	12289
4568	18445
3689	14830
1188	23154
1928	9346
5254	14603
53	9916
1628	6984
3379	25004
4321	10396
2453	23915
901	17356
5090	9919
2691	21132
4392	18765
3416	11636
4321	20734
3001	20618
1516	7791
5095	12539
4940	8802
4010	15108
2336	24834
3416	6768
614	22548
4979	13107
4361	20736
3740	9103
177	24603
4342	8051
4568	13033
1954	24005
544	24140
4676	16327
113	13032
5466	10690
4568	20691
1315	14358
4568	8433
2996	15615
228	6652
1954	24927
136	21637
5001	22447
3416	21630
1698	17586
3451	6112
4010	10155
1384	20983
375	25293
5309	18393
5128	24935
2066	16651
2859	24256
4010	25393
2728	19818
2553	14146
1556	20814
4538	17293
4470	21471
4182	6973
805	6174
4265	19470
5481	9670
1791	10121
4874	23537
3184	18841
771	17841
2687	17697
4584	7820
481	17928
3416	20444
1650	16561
2797	23622
4032	10136
4313	10949
4960	13415
1954	9890
4031	16771
4568	12647
5087	18522
3483	19395
2798	22962
2850	11750
4568	19920
5105	23097
1954	15220
244	11182
1064	21049
3559	14011
4110	11943
2483	9886
4010	10612
2062	9909
2081	13183
5576	12668
3416	19469
492	9691
3311	18066
3476	23249
4321	11964
3779	7557
1247	11897
3029	19109
3092	9457
5433	24332
4214	7306
4560	6726
998	7838
662	14675
1340	12892
4420	6936
1824	9687
4010	7588
4096	19750
4829	15262
3973	21783
1954	7948
3511	13939
4568	8880
4321	16294
2827	10335
81	6513
4531	16753
1833	10205
4086	11299
2089	23818
2261	24870
762	19977
71	16355
1445	9095
4321	10239
4264	20119
738	13349
98	16251
2234	20693
4852	11573
4679	7513
1328	14251
3332	6030
3242	8340
2844	12148
4010	24724
3083	21310
1622	23708
4800	15447
3990	23168
801	17457
3547	6796
5283	24537
113	17104
2812	18730
2957	25334
3521	23435
3521	14489
5514	22940
1417	6785
368	5820
3158	18887
4568	7748
3220	18779
4543	10801
237	23494
3914	22536
4137	21646
227	13240
5424	20588
5402	17096
535	23427
4010	10520
4762	12963
3364	22014
3112	22422
3069	23406
4268	21037
5118	22529
5132	7908
5575	24366
5090	18042
4188	16752
2796	11648
2413	8432
1568	9842
3521	22450
2787	17851
577	23248
1954	13568
5391	25012
3620	18774
1477	11594
4321	24974
513	24180
63	11662
1954	22324
3035	20249
3416	14291
3861	8129
1754	8928
1340	13918
428	15196
942	17117
3416	13658
2625	20298
4010	6699
1876	10036
2972	20700
1180	24079
2081	11651
1254	11399
4876	22623
2305	22744
2548	16822
1447	20738
2081	21097
2233	19749
5515	12598
1635	19047
4610	8197
999	21460
5099	20599
4568	24883
2386	15490
1967	11236
290	10551
731	17315
1502	6457
5227	18900
1232	25230
3159	18018
4010	11868
1626	18868
4178	12811
3169	16797
2107	19650
680	18176
2550	24596
3058	21642
1233	19876
3521	20218
2888	10201
3182	19067
4473	12718
4010	12896
1340	24668
405	13912
1399	8303
1007	14385
3692	19311
4454	23528
2019	12769
2081	23166
2550	14273
2131	23201
573	10753
2081	25321
4361	12375
1340	7954
4568	21317
1954	13035
1761	16421
4570	9297
267	19923
3366	19891
1662	11552
5504	11041
2401	24036
3992	15827
2550	17822
1311	11998
837	17735
4894	5588
2967	12895
3501	13565
3949	13312
995	14936
102	17440
2304	22883
5470	19692
5396	20412
285	17790
946	15027
4407	15481
5190	14611
8	8891
4491	18987
1954	7894
3389	20066
4912	20477
1340	6226
1515	23184
287	24879
1276	10011
4312	19038
3629	14379
1761	22756
3041	11479
3021	10042
2030	10488
190	12422
2022	20089
3667	13673
4321	8719
2446	22311
2340	10947
2110	12392
5572	21557
4462	14695
2372	22092
1559	23738
5520	20887
3521	11813
4620	18453
1817	17176
3046	21517
113	21749
1899	11666
1797	22339
4836	8612
1751	20796
33	12532
2282	17312
966	12595
1954	20884
1048	18722
3416	20649
725	22841
1529	14871
5516	16697
1221	21916
1340	15419
3800	10228
1340	23369
5041	8451
4950	22094
4321	18120
619	21092
1761	21062
1954	14608
4321	19322
4568	6784
2081	7875
1220	25196
4795	10946
184	21213
1340	7526
5539	21716
881	9209
4860	12936
1035	14506
1566	24938
884	18291
5092	17756
1856	13770
3127	10584
3521	15444
3521	8492
4095	20222
1954	8235
2337	18743
182	24097
1954	16897
1058	13073
3521	17793
4482	11880
1954	18851
2138	11151
1164	15042
1954	14427
1378	6144
4493	20459
295	23162
4010	16381
3416	20755
3312	18756
1340	23407
4983	14101
866	11861
2209	12357
3012	23628
5249	18819
3198	8458
2296	5814
2984	14175
126	18532
4274	13754
5195	11091
4010	13712
4900	13537
4617	9843
1	7445
2731	19882
3552	13624
4568	12310
1761	13759
4321	17024
1416	25367
1431	14288
3950	19982
940	13023
5154	8308
1264	22472
138	7108
4568	20752
5309	17175
1258	23723
3760	8997
1225	10440
4186	7516
4485	13322
1725	11018
137	19150
2643	6007
3553	9769
4010	6024
1954	18023
3365	8060
1340	13756
3721	18096
3593	23649
107	7277
1340	19217
2104	8397
4718	24457
3416	18977
3709	13976
4344	9934
2324	9966
4321	23874
3805	8218
5124	11777
2550	23104
2185	12757
1673	17329
2970	15045
4932	7991
3687	21540
1059	19464
569	19763
5014	13690
4471	8329
4896	24368
4321	21610
3416	21811
3143	25054
5187	11183
2136	11706
255	12145
4731	7266
1902	11514
3270	16379
1201	17004
1508	10646
1211	23220
919	11889
4743	24908
4010	11410
113	22978
1497	14888
3371	18218
4183	24447
1761	11832
2550	19357
3910	5838
1340	25254
4181	15325
1453	16662
4306	19070
3349	9238
5125	20013
1643	24538
1895	23066
1340	20903
4010	8515
2898	17885
5218	14155
2077	11688
2515	6813
2229	19621
77	10463
4568	21115
1880	13600
2708	13063
4827	15104
5198	22403
1761	22312
1761	11877
4623	7749
2506	12206
3851	20569
2097	15065
4321	12926
3133	25387
4443	13355
533	16165
813	23966
1766	12733
4083	8790
1968	17055
1781	20177
2521	21147
3888	6394
306	24940
4237	17902
2081	16835
3711	23906
5492	24841
4503	22896
65	20049
3416	21933
2730	11153
2319	21657
5015	20273
5365	17159
2763	22103
3368	9959
695	22393
2208	15052
1345	11987
5329	19610
3247	10867
788	14070
3416	20474
5426	13071
3175	15902
1782	14107
3173	24449
5437	21172
5009	10144
5579	21982
1300	24609
1197	11134
3018	6809
1667	12629
3290	17752
1954	21350
2273	7811
4881	13290
1340	11542
3867	20323
2741	8381
3532	5936
4389	11718
994	24560
4677	13883
4189	12120
1737	24591
1301	24399
4010	10631
761	19874
2473	18422
3416	17399
5114	23163
1506	6290
5052	18674
1307	20609
3736	5679
2114	9116
1647	21925
3521	22637
3097	8782
2518	23487
3521	10747
3064	21878
1761	10809
616	9294
1672	19299
654	22183
1053	23794
3254	5733
1374	21666
876	12571
3416	19598
3430	8249
4385	10858
2081	12379
5550	20040
4556	24682
1954	11025
113	15904
3521	18173
5549	21692
2180	10948
1305	8636
1193	7203
437	18669
637	21285
1085	13915
4477	12439
4568	19055
4666	15661
5561	7405
1181	14002
3521	18396
1825	13992
3416	11082
3416	14986
4701	20411
2226	17218
4291	23252
1010	5865
113	9658
1631	15653
1274	12175
1340	8438
4778	21857
5386	18847
2899	15460
4990	11028
5164	12160
2943	14365
3416	12196
4328	6337
3398	6884
2995	22900
5192	15699
1474	21253
4908	22334
2270	22040
1036	20786
3521	22721
4373	17879
2203	13445
594	14124
4578	21948
4568	11220
1954	6673
3589	16499
3521	18696
5309	13924
37	10334
1142	6349
2887	5970
1671	9088
1761	17834
3416	22983
321	21680
2168	6872
1426	19968
113	13039
1851	17388
2739	13336
4361	7751
3842	15903
1339	13948
1340	18882
1329	22095
273	10696
3208	5717
3918	21908
453	19574
2985	7223
1874	15856
4010	25205
3906	13323
1393	18617
5570	10701
2366	19978
209	17739
2036	19723
4361	12050
4657	11645
3488	9228
2808	24435
2688	9200
4219	12928
1149	16314
4323	10193
2938	25222
3928	6608
2012	11499
298	9006
1767	7269
2081	13359
2375	11596
5292	24124
5328	6093
3659	19071
1340	19681
2081	16749
5147	18976
824	14445
5108	9841
2221	9732
1281	25369
1119	12221
2498	12360
2222	17367
2357	8995
520	9845
2448	5709
5487	20523
2533	9571
1536	24133
1959	14745
1103	19872
3416	18257
3060	17733
4578	24265
5493	11098
1954	23419
3648	14872
2170	24959
1216	24878
4127	11942
518	10482
5368	13193
1340	8488
3521	20861
4010	23425
3196	17100
5512	9400
3416	13294
5036	22161
2198	24613
349	21487
2081	22518
3555	17107
3082	6991
873	20096
5491	24122
1878	8177
1049	7583
1811	24113
2790	21812
3524	13998
1954	13884
1954	6326
1721	11172
155	23968
4321	14139
3455	6950
4660	10308
2015	24602
4568	22531
2543	18623
3517	21259
3416	24867
2952	17683
3521	20577
4016	11433
2081	10873
3521	7986
2081	19742
5569	10186
1954	12334
1296	11903
1285	12978
4568	24002
4184	18350
3866	6165
4568	14838
1340	11008
1319	16431
883	22695
1023	8407
3416	10995
692	11721
1340	18960
2081	17227
453	18642
5163	21238
4865	22701
1340	24669
3521	10275
5221	8070
806	23351
2894	21079
3416	15162
5443	17407
2053	12612
3540	19156
2190	6691
1638	25278
1032	8942
5420	16954
3386	7764
4321	12401
1498	12844
4429	17326
3844	22140
636	9355
4149	11187
32	5779
329	24234
1217	11796
4321	13227
1312	24798
1954	18239
4289	13736
3416	6732
119	23021
3521	17468
3664	14566
3959	7901
1761	16842
5267	12185
3074	8406
2488	16246
5104	22200
3043	15681
1340	24729
5322	18390
916	23470
1761	20361
1553	15198
1548	12065
990	18713
1494	17889
4738	11624
3304	10459
1937	17702
4897	20379
4658	7363
5454	22495
28	19271
4010	22665
2940	9552
882	18787
1846	22786
459	13447
1340	12225
4568	14207
179	20907
3521	15832
4887	21193
3380	12920
123	16528
2492	13245
2717	19021
1853	6123
1340	15723
3610	24204
1954	7544
2491	6853
3461	24718
3080	10508
2237	16057
5314	23037
19	21139
2326	9888
61	8991
2109	21126
2431	8966
4577	16112
2082	14643
644	25067
5309	11171
2762	23393
4010	13720
4456	12758
4568	17682
2081	17978
4001	7062
307	20511
4147	8575
3521	12125
5067	23778
1599	24695
2847	12296
1395	23655
3416	21536
260	20882
5408	12958
1668	13817
2081	21734
2141	9309
1340	25083
3521	8863
3269	10111
5517	14270
4568	16289
1482	12202
4592	24804
4321	18025
5564	13550
1289	10814
2675	6845
3363	15917
2128	14513
3521	11749
5309	11759
2081	12472
1060	6218
1112	18356
4321	16130
